-0.254348 -0.986667
-0.254348 -0.98
-0.256522 -0.976667
-0.258696 -0.973333
-0.258696 -0.97
-0.258696 -0.966667
-0.258696 -0.963333
-0.258696 -0.96
-0.26087 -0.956667
-0.26087 -0.953333
-0.26087 -0.95
-0.26087 -0.946667
-0.26087 -0.943333
-0.26087 -0.94
-0.26087 -0.936667
-0.263043 -0.933333
-0.263043 -0.93
-0.265217 -0.926667
-0.265217 -0.923333
-0.265217 -0.92
-0.267391 -0.916667
-0.267391 -0.913333
-0.267391 -0.91
-0.269565 -0.906667
-0.269565 -0.903333
-0.271739 -0.9
-0.271739 -0.896667
-0.273913 -0.893333
-0.273913 -0.89
-0.273913 -0.886667
-0.276087 -0.886667
-0.276087 -0.883333
-0.276087 -0.88
-0.276087 -0.876667
-0.276087 -0.873333
-0.276087 -0.87
-0.278261 -0.866667
-0.278261 -0.863333
-0.278261 -0.86
-0.278261 -0.856667
-0.280435 -0.856667
-0.280435 -0.853333
-0.280435 -0.85
-0.280435 -0.846667
-0.280435 -0.843333
-0.280435 -0.84
-0.282609 -0.836667
-0.282609 -0.833333
-0.282609 -0.83
-0.282609 -0.826667
-0.282609 -0.823333
-0.282609 -0.82
-0.282609 -0.816667
-0.282609 -0.813333
-0.282609 -0.81
-0.282609 -0.806667
-0.282609 -0.803333
-0.282609 -0.8
-0.282609 -0.796667
-0.282609 -0.793333
-0.284783 -0.79
-0.284783 -0.786667
-0.284783 -0.783333
-0.284783 -0.78
-0.284783 -0.776667
-0.284783 -0.773333
-0.284783 -0.77
-0.284783 -0.766667
-0.284783 -0.763333
-0.284783 -0.76
-0.284783 -0.756667
-0.284783 -0.753333
-0.284783 -0.75
-0.284783 -0.746667
-0.284783 -0.743333
-0.284783 -0.74
-0.284783 -0.736667
-0.284783 -0.733333
-0.284783 -0.73
-0.284783 -0.726667
-0.284783 -0.723333
-0.284783 -0.72
-0.284783 -0.716667
-0.284783 -0.713333
-0.284783 -0.71
-0.284783 -0.706667
-0.284783 -0.703333
-0.284783 -0.7
-0.284783 -0.696667
-0.284783 -0.693333
-0.284783 -0.69
-0.284783 -0.686667
-0.284783 -0.683333
-0.284783 -0.68
-0.284783 -0.676667
-0.284783 -0.673333
-0.284783 -0.67
-0.284783 -0.666667
-0.284783 -0.663333
-0.284783 -0.66
-0.284783 -0.656667
-0.284783 -0.653333
-0.284783 -0.65
-0.284783 -0.646667
-0.284783 -0.643333
-0.284783 -0.64
-0.284783 -0.636667
-0.284783 -0.633333
-0.284783 -0.63
-0.284783 -0.626667
-0.284783 -0.623333
-0.284783 -0.62
-0.284783 -0.616667
-0.286957 -0.613333
-0.286957 -0.61
-0.286957 -0.606667
-0.286957 -0.603333
-0.286957 -0.6
-0.286957 -0.596667
-0.286957 -0.593333
-0.286957 -0.59
-0.286957 -0.586667
-0.286957 -0.583333
-0.286957 -0.58
-0.28913 -0.58
-0.28913 -0.576667
-0.28913 -0.573333
-0.28913 -0.57
-0.28913 -0.566667
-0.28913 -0.563333
-0.28913 -0.56
-0.28913 -0.556667
-0.28913 -0.553333
-0.28913 -0.55
-0.28913 -0.546667
-0.28913 -0.543333
-0.28913 -0.54
-0.28913 -0.536667
-0.28913 -0.533333
-0.28913 -0.53
-0.28913 -0.526667
-0.28913 -0.523333
-0.28913 -0.52
-0.28913 -0.516667
-0.28913 -0.513333
-0.28913 -0.51
-0.286957 -0.51
-0.286957 -0.506667
-0.286957 -0.503333
-0.286957 -0.5
-0.286957 -0.496667
-0.286957 -0.493333
-0.284783 -0.493333
-0.284783 -0.49
-0.284783 -0.486667
-0.284783 -0.483333
-0.284783 -0.48
-0.284783 -0.476667
-0.282609 -0.473333
-0.282609 -0.47
-0.282609 -0.466667
-0.282609 -0.463333
-0.282609 -0.46
-0.282609 -0.456667
-0.280435 -0.453333
-0.280435 -0.45
-0.280435 -0.446667
-0.280435 -0.443333
-0.280435 -0.44
-0.280435 -0.436667
-0.280435 -0.433333
-0.280435 -0.43
-0.280435 -0.426667
-0.280435 -0.423333
-0.280435 -0.42
-0.280435 -0.416667
-0.280435 -0.413333
-0.280435 -0.41
-0.280435 -0.406667
-0.280435 -0.403333
-0.280435 -0.4
-0.280435 -0.396667
-0.280435 -0.393333
-0.280435 -0.39
-0.280435 -0.386667
-0.280435 -0.383333
-0.280435 -0.38
-0.280435 -0.376667
-0.280435 -0.373333
-0.280435 -0.37
-0.280435 -0.366667
-0.280435 -0.363333
-0.280435 -0.36
-0.280435 -0.356667
-0.280435 -0.353333
-0.280435 -0.35
-0.280435 -0.346667
-0.280435 -0.343333
-0.280435 -0.34
-0.282609 -0.34
-0.282609 -0.336667
-0.282609 -0.333333
-0.282609 -0.33
-0.284783 -0.33
-0.284783 -0.326667
-0.284783 -0.323333
-0.284783 -0.32
-0.284783 -0.316667
-0.284783 -0.313333
-0.284783 -0.31
-0.284783 -0.306667
-0.284783 -0.303333
-0.284783 -0.3
-0.284783 -0.296667
-0.284783 -0.293333
-0.284783 -0.29
-0.284783 -0.286667
-0.284783 -0.283333
-0.284783 -0.28
-0.284783 -0.276667
-0.284783 -0.273333
-0.284783 -0.27
-0.286957 -0.27
-0.286957 -0.266667
-0.286957 -0.263333
-0.286957 -0.26
-0.286957 -0.256667
-0.28913 -0.256667
-0.28913 -0.253333
-0.28913 -0.25
-0.291304 -0.246667
-0.291304 -0.243333
-0.291304 -0.24
-0.293478 -0.24
-0.293478 -0.236667
-0.293478 -0.233333
-0.293478 -0.23
-0.293478 -0.226667
-0.295652 -0.223333
-0.295652 -0.22
-0.295652 -0.216667
-0.295652 -0.213333
-0.295652 -0.21
-0.295652 -0.206667
-0.295652 -0.203333
-0.295652 -0.2
-0.295652 -0.196667
-0.295652 -0.193333
-0.297826 -0.19
-0.297826 -0.186667
-0.297826 -0.183333
-0.297826 -0.18
-0.297826 -0.176667
-0.297826 -0.173333
-0.297826 -0.17
-0.297826 -0.166667
-0.3 -0.166667
-0.3 -0.163333
-0.3 -0.16
-0.3 -0.156667
-0.3 -0.153333
-0.3 -0.15
-0.3 -0.146667
-0.3 -0.143333
-0.3 -0.14
-0.3 -0.136667
-0.3 -0.133333
-0.3 -0.13
-0.3 -0.126667
-0.3 -0.123333
-0.3 -0.12
-0.3 -0.116667
-0.3 -0.113333
-0.3 -0.11
-0.3 -0.106667
-0.3 -0.103333
-0.3 -0.1
-0.3 -0.0966667
-0.3 -0.0933333
-0.3 -0.09
-0.3 -0.0866667
-0.3 -0.0833333
-0.3 -0.08
-0.3 -0.0766667
-0.3 -0.0733333
-0.3 -0.07
-0.297826 -0.07
-0.297826 -0.0666667
-0.297826 -0.0633333
-0.297826 -0.06
-0.297826 -0.0566667
-0.295652 -0.0533333
-0.295652 -0.05
-0.295652 -0.0466667
-0.293478 -0.0433333
-0.293478 -0.04
-0.293478 -0.0366667
-0.291304 -0.0333333
-0.291304 -0.03
-0.291304 -0.0266667
-0.291304 -0.0233333
-0.28913 -0.0233333
-0.28913 -0.02
-0.28913 -0.0166667
-0.28913 -0.0133333
-0.28913 -0.01
-0.286957 -0.00666667
-0.286957 -0.00333333
-0.284783 0
-0.284783 0.00333333
-0.284783 0.00666667
-0.282609 0.00666667
-0.282609 0.01
-0.282609 0.0133333
-0.282609 0.0166667
-0.282609 0.02
-0.282609 0.0233333
-0.282609 0.0266667
-0.280435 0.03
-0.280435 0.0333333
-0.280435 0.0366667
-0.280435 0.04
-0.280435 0.0433333
-0.278261 0.0433333
-0.278261 0.0466667
-0.278261 0.05
-0.276087 0.05
-0.276087 0.0533333
-0.276087 0.0566667
-0.276087 0.06
-0.276087 0.0633333
-0.273913 0.0633333
-0.271739 0.0666667
-0.271739 0.07
-0.271739 0.0733333
-0.271739 0.0766667
-0.269565 0.0766667
-0.269565 0.08
-0.269565 0.0833333
-0.269565 0.0866667
-0.269565 0.09
-0.269565 0.0933333
-0.269565 0.0966667
-0.269565 0.1
-0.269565 0.103333
-0.269565 0.106667
-0.269565 0.11
-0.269565 0.113333
-0.267391 0.113333
-0.267391 0.116667
-0.267391 0.12
-0.267391 0.123333
-0.265217 0.126667
-0.265217 0.13
-0.265217 0.133333
-0.263043 0.133333
-0.263043 0.136667
-0.263043 0.14
-0.263043 0.143333
-0.263043 0.146667
-0.26087 0.15
-0.26087 0.153333
-0.26087 0.156667
-0.26087 0.16
-0.26087 0.163333
-0.258696 0.163333
-0.258696 0.166667
-0.258696 0.17
-0.256522 0.173333
-0.256522 0.176667
-0.256522 0.18
-0.256522 0.183333
-0.256522 0.186667
-0.254348 0.186667
-0.254348 0.19
-0.254348 0.193333
-0.254348 0.196667
-0.254348 0.2
-0.252174 0.203333
-0.252174 0.206667
-0.252174 0.21
-0.252174 0.213333
-0.25 0.216667
-0.25 0.22
-0.25 0.223333
-0.247826 0.226667
-0.247826 0.23
-0.247826 0.233333
-0.247826 0.236667
-0.245652 0.236667
-0.245652 0.24
-0.245652 0.243333
-0.245652 0.246667
-0.245652 0.25
-0.243478 0.25
-0.243478 0.253333
-0.241304 0.253333
-0.241304 0.256667
-0.241304 0.26
-0.23913 0.26
-0.23913 0.263333
-0.236957 0.266667
-0.236957 0.27
-0.234783 0.27
-0.234783 0.273333
-0.234783 0.276667
-0.232609 0.276667
-0.232609 0.28
-0.232609 0.283333
-0.230435 0.283333
-0.228261 0.283333
-0.228261 0.286667
-0.226087 0.29
-0.223913 0.293333
-0.221739 0.296667
-0.221739 0.3
-0.219565 0.303333
-0.217391 0.303333
-0.217391 0.306667
-0.215217 0.306667
-0.215217 0.31
-0.213043 0.31
-0.213043 0.313333
-0.21087 0.316667
-0.208696 0.32
-0.206522 0.323333
-0.206522 0.326667
-0.204348 0.326667
-0.204348 0.33
-0.202174 0.33
-0.202174 0.333333
-0.2 0.336667
-0.2 0.34
-0.197826 0.34
-0.197826 0.343333
